2 2 + 2 8 
5 0 + 8 0 
7 5 + 2 5 
3 3 7 2 
7 2 8 9 
5 3 - 2 
7 8 times 3 
8 2 times 8 
5 6 4 4 
3 2 - 1 8 
8 1 times 5 
8 3 - 3 
8 7 8 3 3 
8 8 8 1 
5 - 2 
- 7 3 
1 + 5 
3 - 2 
7 times 5 
2 times 8 
3 3 times 2 
4 4 + 1 
3 3 - 8 
8 2 + 3 
5 9 + 0 
8 - 3 
1 + 9 
8 9 + 5 
5 3 - 2 
8 7 + 2 
5 6 + 2 
8 2 times 5 
9 1 times 5 
4 0 4 3 2 
1 + 1 - 7 
6 0 0 times 7 7 
7 8 times 4 2 
7 2 times 0 
6 7 times 1 0 times 8 
1 + 3 + 8 
2 + 7 7 
6 - 7 
9 - 2 0 + 7 
8 7 times 9 8 
0 times 3 9 + 
5 6 times 6 5 
3 3 4 4 2 
5 5 + 5 5 
times 3 + 6 
6 4 - + 3 
7 5 - 2 
7 7 times 5 3 
7 1 - 7 
2 1 + 0 
2 + 6 4 
2 0 6 - 6 0 2 
5 6 times 7 
1 times 0 
5 times 1 0 
4 2 0 + 6 9 
8 0 0 times + 6 + 
8 3 + 6 
8 + 6 4 
7 2 + 8 8 
